Start: 2017-11-09 18:33:36.685976
Duration: 4:25:59.050640
Exit-code: 0

Platform: Linux-2.6.32-573.42.2.el6.x86_64-x86_64-with-redhat-6.7-Santiago
Processor: x86_64