Start: 2017-11-09 18:33:25.180995
Duration: 2:38:17.783633
Exit-code: 0

Platform: Linux-2.6.32-573.42.2.el6.x86_64-x86_64-with-redhat-6.7-Santiago
Processor: x86_64