Start: 2017-11-12 03:42:15.845441
Duration: 4:12:46.585738
Exit-code: 0

Platform: Linux-2.6.32-573.42.2.el6.x86_64-x86_64-with-redhat-6.7-Santiago
Processor: x86_64