Start: 2017-11-09 14:32:18.129017
Duration: 0:00:45.171867
Exit-code: 1

Platform: Linux-2.6.32-573.42.2.el6.x86_64-x86_64-with-redhat-6.7-Santiago
Processor: x86_64