Start: 2017-11-09 18:19:31.713625
Duration: 0:00:25.106679
Exit-code: 128

Platform: Linux-2.6.32-573.42.2.el6.x86_64-x86_64-with-redhat-6.7-Santiago
Processor: x86_64